<?xml version="1.0"?>
<opencv_storage>
<homography-matrix type_id="opencv-matrix">
  <rows>3</rows>
  <cols>3</cols>
  <dt>d</dt>
  <data>
    9.4000204765911455e-01 -4.5000496707111404e-01
    1.4039285190529654e+01 3.6142166620336313e-02 4.4290214553989807e-02
    1.0780211912045134e+02 7.4409489819827113e-05
    -1.4922288714012612e-03 1.</data></homography-matrix>
</opencv_storage>
