<?xml version="1.0"?>
<opencv_storage>
<homography-matrix type_id="opencv-matrix">
  <rows>3</rows>
  <cols>3</cols>
  <dt>d</dt>
  <data>
    7.7364434729198139e-01 -4.1843627550430623e-01
    4.1501854122715073e+01 -1.7997195178304531e-02
    -7.8623853973742414e-02 1.6994610701183601e+02
    -5.0032529522768500e-05 -1.4734516016219443e-03 1.</data></homography-matrix>
</opencv_storage>
