<?xml version="1.0"?>
<opencv_storage>
<homography-matrix type_id="opencv-matrix">
  <rows>3</rows>
  <cols>3</cols>
  <dt>d</dt>
  <data>
    1.0972745299130400e+00 -4.4668855247050782e-01
    -3.6831001072673160e+01 4.8958459864207660e-02
    2.5210156329341138e-01 4.7003951025912460e+00 1.1553435667581256e-04
    -1.5070502078927215e-03 1.</data></homography-matrix>
</opencv_storage>
