<?xml version="1.0"?>
<opencv_storage>
<homography-matrix type_id="opencv-matrix">
  <rows>3</rows>
  <cols>3</cols>
  <dt>d</dt>
  <data>
    1.0338443208323620e+00 -4.5474692175328002e-01
    -1.5503334924759411e+01 3.4854684582356570e-02
    2.0171892040856715e-01 2.8700291618309553e+01 6.6904895662883224e-05
    -1.5034424364804354e-03 1.</data></homography-matrix>
</opencv_storage>
