<?xml version="1.0"?>
<opencv_storage>
<homography-matrix type_id="opencv-matrix">
  <rows>3</rows>
  <cols>3</cols>
  <dt>d</dt>
  <data>
    1.0598031649801261e+00 -4.4978649644197138e-01
    -2.0604545467574663e+01 1.8045179148134777e-02
    2.6264838233983662e-01 9.7057321437453901e+00 3.6816356029589343e-05
    -1.4641057338067381e-03 1.</data></homography-matrix>
</opencv_storage>
